1111111111111111111111111111111111111111111111111111111111111111111111111111111111111111111111111111111111111111111111111111111111111111111111111111111111111111111111111111111111111111111111111111111111111111111111111111111111111111111111111111111111111111
1111111111111111111111111111111111111111111111111111111111111111111111111111111111111111111111111111111111111111111111111111111111111111111111111111111111111111111111111111111111111111111111111111111111111111111111111111111111111111111111111111111111111111
1111111111111111111111111111111111111111111111111111111111111111111111111111111111111111111111111111111111111111111111111111111111111111111111111111111111111111111111111111111111111111111111111111111111111111111111111111111111111111111111111111111111111111
1111111111111111111111111111111111111111111111111111111111111111111111111111111111111111111111111111111111111111111111111111111111111111111111111111111111111111111111111111111111111111111111111111111111111111111111111111111111111111111111111111111111111111
1111111111111111111111111111111111111111111111111111111111111111111111111111111111111111111111111111111111111111111111111111111111111111111111111111111111111111111111111111111111111111111111111111111111111111111111111111111111111111111111111111111111111111
1111111111111111111111111111111111111111111111111111111111111111111111111111111111111111111111111111111111111111111111111111111111111111111111111111111111111111111111111111111111111111111111111111111111111111111111111111111111111111111111111111111111111111
1111111111111111111111111111111111111111111111111111111111111111111111111111111111111111111111111111111111111111111111111111111111111111111111111111111111111111111111111111111111111111111111111111111111111111111111111111111111111111111111111111111111111111
1111111111111111111111111111111111111111111111111111111111111111111111111111111111111111111111111111111111111111111111111111111111111111111111111111111111111111111111111111111111111111111111111111111111111111111111111111111111111111111111111111111111111111
1111111111111111111111111111111111111111111111111111111111111111111111111111111111111111111111111111111111111111111111111111111111111111111111111111111111111111111111111111111111111111111111111111111111111111111111111111111111111111111111111111111111111111
1111111111111111111111111111111111111111111111111111111111111111111111111111111111111111111111111111111111111111111111111111111111111111111111111111111111111111111111111111111111111111111111111111111111111111111111111111111111111111111111111111111111111111
1111111111111111111111111111111111111111111111111111111111111111111111111111111111111111111111111111111111111111111111111111111111111111111111111111111111111111111111111111111111111111111111111111111111111111111111111111111111111111111111111111111111111111
1111111111111111111111111111111111111111111111111111111111111111111111111111111111111111111111111111111111111111111111111111111111111111111111111111111111111111111111111111111111111111111111111111111111111111111111111111111111111111111111111111111111111111
1111111111111111111111111111111111111111111111111111111111111111111111111111111111111111111111111111111111111111111111111111111111111111111111111111111111111111111111111111111111111111111111111111111111111111111111111111111111111111111111111111111111111111
1111111111111111111111111111111111111111111111111111111111111111111111111111111111111111111111111111111111111111111111111111111111111111111111111111111111111111111111111111111111111111111111111111111111111111111111111111111111111111111111111111111111111111
1111111111111111111111111111111111111111111111111111111111111111111111111111111111111111111111111111111111111111111111111111111111111111111111111111111111111111111111111111111111111111111111111111111111111111111111111111111111111111111111111111111111111111
1111111111111111111111111111111111111111111111111111111111111111111111111111111111111111111111111111111111111111111111111111111111111111111111111111111111111111111111111111111111111111111111111111111111111111111111111111111111111111111111111111111111111111
1111111111111111111111111111111111111111111111111111111111111111111111111111111111111111111111111111111111111111111111111111111111111111111111111111111111111111111111111111111111111111111111111111111111111111111111111111111111111111111111111111111111111111
1111111111111111111111111111111111111111111111111111111111111111111111111111111111111111111111111111111111111111111111111111111111111111111111111111111111111111111111111111111111111111111111111111111111111111111111111111111111111111111111111111111111111111
1111111111111111111111111111111111111111111111111111111111111111111111111111111111111111111111111111111111111111111111111111111111111111111111111111111111111111111111111111111111111111111111111111111111111111111111111111111111111111111111111111111111111111
1111111111111111111111111111111111111111111111111111111111111111111111111111111111111111111111111111111111111111111111111111111111111111111111111111111111111111111111111111111111111111111111111111111111111111111111111111111111111111111111111111111111111111
1111111111111111111111111111111111111111111111111111111111111111111111111111111111111111111111111111111111111111111111111111111111111111111111111111111111111111111111111111111111111111111111111111111111111111111111111111111111111111111111111111111111111111
1111111111111111111111111111111111111111111111111111111111111111111111111111111111111111111111111111111111111111111111111111111111111111111111111111111111111111111111111111111111111111111111111111111111111111111111111111111111111111111111111111111111111111
1111111111111111111111111111111111111111111111111111111111111111111111111111111111111111111111111111111111111111111111111111111111111111111111111111111111111111111111111111111111111111111111111111111111111111111111111111111111111111111111111111111111111111
1111111111111111111111111111111111111111111111111111111111111111111111111111111111111111111111111111111111111111111111111111111111111111111111111111111111111111111111111111111111111111111111111111111111111111111111111111111111111111111111111111111111111111
1111111111111111111111111111111111111111111111111111111111111111111111111111111111111111111111111111111111111111111111111111111111111111111111111111111111111111111111111111111111111111111111111111111111111111111111111111111111111111111111111111111111111111
1111111111111111111111111111111111111111111111111111111111111111111111111111111111111111111111111111111111111111111111111111111111111111111111111111111111111111111111111111111111111111111111111111111111111111111111111111111111111111111111111111111111111111
1111111111111111111111111111111111111111111111111111111111111111111111111111111111111111111111111111111111111111111111111111111111111111111111111111111111111111111111111111111111111111111111111111111111111111111111111111111111111111111111111111111111111111
1111111111111111111111111111111111111100101011001111111111111111111111111111111111111111111111111111111111111111111111111111111111111111111111111111111111111111111111111111111111111111111111111111111111111000111000001111111111111111111111111111111111111111
1111111111111111111111111111111111111000001111001111111111111111111111111111111111111111111111111111111111111111111111111111111111111111111111111111111111111111111111111111111111111111111111111111111111111010111000000111111111111111111111111111111111111111
1111111111111111111111111111111111000000000011111011011101111111111111111111111111111111111111111111111111111111111111111111111111111111111111111111111111111111111111111111111111111111111111111111101101101011100000000000111111111111111111111111111111111111
1111111111111111111111111111111110000000000000011000101100001111111111111111111111111111111111111111111111111111111111111111111111111111111111111111111111111111111111111111111111111111111111111100011101000110000000000000011111111111111111111111111111111111
1111111111111111111111111111111000000000000000001000111100001100111111111111111111111111111111111111111111111111111111111111111111111111111111111111111111111111111111111111111111111111111111011000001111000100000000000000000111111111111111111111111111111111
1111111111111111111111111111100000000000000000100100111000000000111111111111111111111111111111111111111111111111111111111111111111111111111111111111111111111111111111111111111111111111111111000000000011001000000000000000000011111111111111111111111111111111
1111111111111111111111111111000000000000000000101101100000000000011111111111111111111111111111111111111111111111111111111111111111111111111111111111111111111111111111111111111111111111111110000000000011001011000000000000000000111111111111111111111111111111
1111111111111111111111111111000000000000000000001001100000000000001111111111111111111111111111111111111111111111111111111111111111111111111111111111111111111111111111111111111111111111111100000000000011000000000000000000000000111111111111111111111111111111
1111111111111111111111111111000000000000000000000000100000000000000111111111111111111111111111111111111111111111111111111111111111111111111111111111111111111111111111111111111111111111111000000000000001000000000000000000000000111111111111111111111111111111
1111111111111111111111111111000000000000000000000000000100000000000001111111111111111111111111111111111111111111111111111111111111111111111111111111111111111111111111111111111111111111100000000000000000000000000000000000000000111111111111111111111111111111
1111111111111111111111111111000000000000000000000010000100000000000000111111111111111111111111111111111111111111111111111111111111111111111111111111111111111111111111111111111111111111000000000000001000000000000000000000000000111111111111111111111111111111
1111111111111111111111111110000000000000000000000000001100000000000000111111111111111111111111111111111111111111111111111111111111111111111111111111111111111111111111111111111111111110000000000000001000010000000000000000000000111111111111111111111111111111
1111111111111111111111111110000000000000000000010010001000000000000000011111111111111111111111111111111111111111111111111111111111111111111111111111111111111111111111111111111111111100000000000000000100100010000000000000000000111111111111111111111111111111
1111111111111111111111111110000000000000000001001110000010000000000000001111111111111111111111111111111111111111111111111111111111111111111111111111111111111111111111111111111111111100000000000000100000111100000000000000000000011111111111111111111111111111
1111111111111111111111111110000000000000000000000111000010000000000000001111111111111111111111111111111111111111111111111111111111111111111111111111111111111111111111111111111111111100000000000000000000110000000000000000000000011111111111111111111111111111
1111111111111111111111111110000000000000000000000010000100000000000000000111111111111111111111111111111111111111111111111111111111111111111111111111111111111111111111111111111111110000000000000000001000100000000000000000000000011111111111111111111111111111
1111111111111111111111111110000000000000000000000000000000100000000000000011111111111111111111111111111111111111111111111111111111111111111111111111111111111111111111111111111111110000000000000010000000000000000000000000000000011111111111111111111111111111
1111111111111111111111111100000000000000000000000000000000000000000000000011111111111111111111111111111111111111111111111111111111111111111111111111111111111111111111111111111111100000000000000000000000000000000000000000000000011111111111111111111111111111
1111111111111111111111111100000000000000000000000000000001000000000000000001111111111111111111111111111111111111111111111111111111111111111111111111111111111111111111111111111111100000000000000000100000000000000000000000000000011111111111111111111111111111
1111111111111111111111111100000000000000000000000000000000000000010000000001111111111111111111111111111111111111111111111111111111111111111111111111111111111111111111111111111111100000000100000000010000000000000000000000000000011111111111111111111111111111
1111111111111111111111111100000000000000000000000000000000000000000000000001111111111111111111111111111111111111111111111111111111111111111111111111111111111111111111111111111111000000000000000000010000000000000000000000000000011111111111111111111111111111
1111111111111111111111111100000000000000000000000000000000000010000000000000111111111111111111111111111111111111111111111111111111111111111111111111111111111111111111111111111111000000000000000000000000000000000000000000000000011111111111111111111111111111
1111111111111111111111111110000000000000000000000000000000001100000000000000111111111111111111111111111111111111111111111111111111111111111111111111111111111111111111111111111110000000000000011100000000000000000000000000000000011111111111111111111111111111
1111111111111111111111111110000000000000000000000000000000000110000000000000011111111111111111111111111111111111111111111111111111111111111111111111111111111111111111111111111110000000000000010000000000000000000000000000000000111111111111111111111111111111
1111111111111111111111111110000000000000000000000000000000000010000000000000011111111111111111111111111111111111111111111111111111111111111111111111111111111111111111111111111110000000000000100000000000000000000000000000000000011111111111111111111111111111
1111111111111111111111111110000000000000000000000000000000000000000001000000011111111111111111111111111111111111111111111111111111111111111111111111111111111111111111111111111110000000000000000000000000000000000000000000000000011111111111111111111111111111
1111111111111111111111111110000000000000000000010000000000000000010000000000011111111111111111111111111111111111111111111111111111111111111111111111111111111111111111111111111100000000000000000000000000000000000000000000000000011111111111111111111111111111
1111111111111111111111111110000000000000000000000000000000000000000000000000011111111111111111111111111111111111111111111111111111111111111111111111111111111111111111111111111100000000010000000000000000000000000000000000000000111111111111111111111111111111
1111111111111111111111111111000000000000000000000000000000000000000000000000011111111111111111111111111111111111111111111111111111111111111111111111111111111111111111111111111100000000010000000000000000000000000000000000000000111111111111111111111111111111
1111111111111111111111111111000000000000000000000000000000000100000000000000011111111111111111111111111111111111111111111111111111111111111111111111111111111111111111111111111100000000000000000000000000000000000000000000000001111111111111111111111111111111
1111111111111111111111111111100000000000000000000000000000000000000000000000001111111111111111111111111111111111111111111111111111111111111111111111111111111111111111111111111100000000000000001000000000000000000000000000000001111111111111111111111111111111
1111111111111111111111111111100000000000000000000000000000001000000000000000001111111111111111111111111111111111111111111111111111111111111111111111111111111111111111111111111100000000000000000100000000000000000000000000000001111111111111111111111111111111
1111111111111111111111111111000000000000000000000000000000000000000000000000001111111111111111111111111111111111111111111111111111111111111111111111111111111111111111111111111100000000000000000000000000000000000000000000000001111111111111111111111111111111
1111111111111111111111111111000000000000000000000000000000000000000000000000001111111111111111111111111111111111111111111111111111111111111111111111111111111111111111111111111000000000000000000000000000000000000000000000000001111111111111111111111111111111
1111111111111111111111111111100000000000000000000000000100000000000000000000001111111111111111111111111111111111111111111111111111111111111111111111111111111111111111111111111000000000100000000000000000000000000000000000000011111111111111111111111111111111
1111111111111111111111111111110000000000000000000000000000000000000000000000001111111111111111111111111111111111111111111111111111111111111111111111111111111111111111111111111000000000000000000000010000000000000000000000000011111111111111111111111111111111
1111111111111111111111111111111000000000000000000000000000000000000000000000001111111111111111111111111111111111111111111111111111111111111111111111111111111111111111111111111000000000000000000000000000000000000000000000000111111111111111111111111111111111
1111111111111111111111111111111000000000000000000000000000000000000000000000001111111111111111111111111111111111111111111111111111111111111111111111111111111111111111111111111000000000000000000001000000000000000000000000000111111111111111111111111111111111
1111111111111111111111111111111010000000000000000000000000000000000000000000001111111111111111111111111111111111111111111111111111111111111111111111111111111111111111111111111000000000000000000000000000000000000000000000011111111111111111111111111111111111
1111111111111111111111111111111100000000000000000000000000000000000000000000001111111111111111111111111111111111111111111111111111111111111111111111111111111111111111111111111000000000000000000000000000000000000000000000001111111111111111111111111111111111
1111111111111111111111111111111110000000000000000000000000000000000000000000001111111111111111111111111111111111111111111111111111111111111111111111111111111111111111111111111000000000000000000000000000000000000000000000011111111111111111111111111111111111
1111111111111111111111111111111110000000000000000000000000000000000000000000001111111111111111111111111111111111111111111111111111111111111111111111111111111111111111111111111000000000000000000000000000000000000000000000011111111111111111111111111111111111
1111111111111111111111111111111110000000000000000000000000000000001000000000001111111111111111111111111111111111111111111111111111111111111111111111111111111111111111111111111000000000000100000000000000000000000000000000011111111111111111111111111111111111
1111111111111111111111111111111110000000000000000000000000000000001000000000001111111111111111111111111111111111111111111111111111111111111111111111111111111111111111111111111100000000000100000000000000000000000000000000111111111111111111111111111111111111
1111111111111111111111111111111111000000000000000000000000000000000000000000001111111111111111111111111111111111111111111111111111111111111111111111111111111111111111111111111100000000000000000000000000000000000000000000111111111111111111111111111111111111
1111111111111111111111111111111111100000000000000000000000000000000000000000011111111111111111111111111111111111111111111111111111111111111111111111111111111111111111111111111100000000000000000000000000000000000000000001111111111111111111111111111111111111
1111111111111111111111111111111111110000000000000000000000000000000000000000011111111111111111111111111111111111111111111111111111111111111111111111111111111111111111111111111100000000000000000000000000000000000000000011111111111111111111111111111111111111
1111111111111111111111111111111111110000000000000000000000000000000000000000011111111111111111111111111111111111111111111111111111111111111111111111111111111111111111111111111110000000000000000000000000000000000000000011111111111111111111111111111111111111
1111111111111111111111111111111111110000000000000000000000000000000000000000011111111111111111111111111111111111111111111111111111111111111111111111111111111111111111111111111110000000000000000000000000000000000000000111111111111111111111111111111111111111
1111111111111111111111111111111111111000000000000000000000000000000000000000111111111111111111111111111111111111111111111111111111111111111111111111111111111111111111111111111110000000000000000000000000000000000000001111111111111111111111111111111111111111
1111111111111111111111111111111111111110000000000000000000000000000000000000111111111111111111111111111111111111111111111111111111111111111111111111111111111111111111111111111111000000000000000000000000000000000000011111111111111111111111111111111111111111
1111111111111111111111111111111111111111000000000000000000000000000000000001111111111111111111111111111111111111111111111111111111111111111111111111111111111111111111111111111111000000000000000000000000000000000001111111111111111111111111111111111111111111
1111111111111111111111111111111111111111100000000000000000000000000000000001111001111111111111111111111111111111111111111111111111111111111111111111111111111111111111111111101111100000000000000000000000000000000011111111111111111111111111111111111111111111
1111111111111111111111111111111111111111111000000000000000000000000000000011111000111111111111111111111111111111111111111111111111111111111111111111111111111111111111111110000111110000000000000000000000000000001111111111111111111111111111111111111111111111
1111111111111111111111111111111111111111111110000000000000000000000000000111100000011111111111111111111111111111111111111111111111111111111111111111111111111111111111111110000011111000000000000000000000000000011111111111111111111111111111111111111111111111
1111111111111111111111111111111111111111111111000000000000000000000000000111100000111111111111111111111111111111111111111111111111111111111111111111111111111111111111111110000001111000000000000000000000000000111111111111111111111111111111111111111111111111
1111111111111111111111111111111111111111111111100000000000000000000000000111100110111111111111111111111111111111111111111111111111111111111111111111111111111111111111111111111001111000000000000000000000000001111111111111111111111111111111111111111111111111
1111111111111111111111111111111111111111111111111000000000000000000000001111100001111111111111111111111111111111111111111111111111111111111111111111111111111111111111111111000001111100000000000000000000000111111111111111111111111111111111111111111111111111
1111111111111111111111111111111111111111111111111100000000000000000000011111000001111111111111111111111111111111111111111111111111111111111111111111111111111111111111111111000001111110000000000000000000001111111111111111111111111111111111111111111111111111
1111111111111111111111111111111111111111111111111111100000000000000000111111000001111111111111111111111111111111111111111111111111111111111111111111111111111111111111111111100001111111000000000000000001111111111111111111111111111111111111111111111111111111
1111111111111111111111111111111111111111111111111111110000000000000001111111000011111111111111111111111111111111111111111111111111111111111111111111111111111111111111111111100000111111100000000000000011111111111111111111111111111111111111111111111111111111
1111111111111111111111111111111111111111111111111111111100000000011111111111000011111111111111111111111111111111111111111111111111111111111111111111111111111111111111111111110000111111111110000000011111111111111111111111111111111111111111111111111111111111
1111111111111111111111111111111111111111111111111111111111111111111111111110000111111111111111111111111111111111111111111111111111111111111111111111111111111111111111111111110000011111111111111111111111111111111111111111111111111111111111111111111111111111
1111111111111111111111111111111111111111111111111111111111111111111111111110000111111111111111111111111111111111111111111111111111111111111111111111111111111111111111111111111000011111111111111111111111111111111111111111111111111111111111111111111111111111
1111111111111111111111111111111111111111111111111111111111111111111111111100000111111111111111111111111111111111111111111111111111111111111111111111111111111111111111111111111000011111111111111111111111111111111111111111111111111111111111111111111111111111
1111111111111111111111111111111111111111111111111111111111111111111111111100001111111111111111111111111111111111111111111111111111111111111111111111111111111111111111111111111000001111111111111111111111111111111111111111111111111111111111111111111111111111
1111111111111111111111111111111111111111111111111111111111111111111111111000001111111111111111111111111111111111111111111111111111111111111111111111111111111111111111111111111100001111111111111111111111111111111111111111111111111111111111111111111111111111
1111111111111111111111111111111111111111111111111111111111111111111111111000001111111111111111111000111111111111111111111111111111111111111111111111111111000111111111111111111100000111111111111111111111111111111111111111111111111111111111111111111111111111
1111111111111111111111111111111111111111111111111111111111111111111111111000011111111111111111100000001111111111111111111111111111111111111111111111111100000011111111111111111100000111111111111111111111111111111111111111111111111111111111111111111111111111
1111111111111111111111111111111111111111111111111111111111111111111111110000011111111111111111000000000011111111111111111111111111111111111111111111110000000001111111111111111110000111111111111111111111111111111111111111111111111111111111111111111111111111
1111111111111111111111111111111111111111111111111111111111111111111111110000011111111111110000000000000001111111111111111111111111111111111111111111100000000000000111111111111110000011111111111111111111111111111111111111111111111111111111111111111111111111
1111111111111111111111111111111111111111111111111111111111111111111111110000111111111111100000000000000000111111111111111111111111111111111111111111000000000000000011111111111110000011111111111111111111111111111111111111111111111111111111111111111111111111
1111111111111111111111111111111111111111111111111111111111111111111111100000111111111111111000000000000000011111111111111111111111111111111111111110000000000000000111111111111111000011111111111111111111111111111111111111111111111111111111111111111111111111
1111111111111111111111111111111111111111111111111111111111111111111111100000111111111111111000000000000000011111111111111111111111111111111111111100000000000000001111111111111111000001111111111111111111111111111111111111111111111111111111111111111111111111
1111111111111111111111111111111111111111111110000001111111111111111111000001111111111111111000000000000000001111111111111111111111111111111111111000000000000000000111111111111111000001111111111111111111100000011111111111111111111111111111111111111111111111
1111111111111111111111111111111111111111111000000000001111111111111111000001111111111111100000000000000000000111111111111111111111111111111111111000000000000000000011111111111111000000111111111111111000000000000111111111111111111111111111111111111111111111
1111111111111111111111111111111111111111000000000000000011111111111111000000111111111111000000000000000000000111111111111111111111111111111111110000000000000000000001111111111110000000111111111111110000000000000001111111111111111111111111111111111111111111
1111111111111111111111111111111111111110000000000000000000111111111111100000011111111100000000000000000000000011111111111111111111111111111111110000000000000000000000001111111100000011111111111111000000000000000000111111111111111111111111111111111111111111
1111111111111111111111111111111111111100000000000000000000000111111111111100000001110000000000000000000000000001111111111111111111111111111111100000000000000000000000000011000000001111111111111000000000000000000000001111111111111111111111111111111111111111
1111111111111111111111111111111111110000000000000000000000000001111111111111000000000000000000000000000000000001111111111111111111111111111111100000000000000000000000000000000000111111111111000000000000000000000000000111111111111111111111111111111111111111
1111111111111111111111111111111111110000000000000000000000000000011111111111010000000000000000000000000000000001111111111111111111111111111111000000000000000000000000000000000011111111111100000000000000000000000000000011111111111111111111111111111111111111
1111111111111111111111111111111111100000000000000000000000000000000000111000000000000000000000000000000000000000111111111111111111111111111111000000000000000000000000000000000000000110010000000000000000000000000000000001111111111111111111111111111111111111
1111111111111111111111111111111111000000000000000000000000000000000000010000000000000000000000000000000000000000111111111111111111111111111110000000000000000000000000000000000000000100000000000000000000000000000000000000111111111111111111111111111111111111
1111111111111111111111111111111110000000000000000000000000000000000000011000000000000000000000000000000000000000011111111111111111111111111110000000000000000000000000000000000001000100000000000000000000000000000000000000110111111111111111111111111111111111
1111111111111111111111111111111110000000000000000000111000110000001100001000100000000000000000000000000000000000011111111111111111111111111110000000000000000000000000000000000011000100001000000111001111000000000000000000011011111111111111111111111111111111
1111111111111111111111111111100100000000000000000011111111111000001100001001111000000000000000000000000000000000011111111111111111111111111100000000000000000000000000000000000111101100001000000111111111110000000000000000001001111111111111111111111111111111
1111111111111111111111111111001000000000000000000111111111111100001111111111111100000000000000000000000000000000001111111111111111111111111100000000000000000000000000000000001111101111111000001111111111110000000000000000001001111111111111111111111111111111
1111111111111111111111111111001000000000000000001111111111111111001111111111111111100000000000000000000000000000001111111111111111111111111100000000000000000000000000000011111111111111111101111111111111111000000000000000000100111111111111111111111111111111
1111111111111111111111111110010000000000000000011111111111111111111111111111111111110000010000000000000000000000001111111111111111111111111000000000000000000000000000000111111111111111111111111111111111111100000000000000000100111111111111111111111111111111
1111111111111111111111111110000000000000000000111111111111111111111111111111111111111000000000000000000000000000000111111111111111111111111000000000000000000000000000000111111111111111111111111111111111111110000000000000000000011111111111111111111111111111
1111111111111111111111111110000000000000000000111111111111111111111111111111111111111000000000000000000000000000000111111111111111111111111000000000000000000000000000000111111111111111111111111111111111111110000000000000000000011111111111111111111111111111
1111111111111111111111111100000000000000000000111111111111111111111111111111111111110000000000000000000000000000000111111111111111111111110000000000000000000000000000000011111111111111111111111111111111111111000000000000000000011111111111111111111111111111
1111111111111111111111111100000000000000000001111111111111111111111111111111111111110000000000000000000000000000000111111111111111111111110000000000000000000000000000000011111111111111111111111111111111111111100000000000000000011111111111111111111111111111
1111111111111111111111111100000000000000000001111111111111111111111111111111111111110000011000000000000000000000000111111111111111111111110000000000000000000000000100000111111111111111111111111111111111111111100000000000000000001111111111111111111111111111
1111111111111111111111111110000000000000000001111111111111111111111111111111111111111000001100000000000000000000000111111111111111111111110000000000000000000000001100000111111111111111111111111111111111111111100000000000000000011111111111111111111111111111
1111111111111111111111111010000000000000000001111111111111111111111111111111111111111000001110000000000000000000000111111111111111111111110000000000000000000000011100001111111111111111111111111111111111111111100000000000000000010111111111111111111111111111
1111111111111111111111111000000000000000000000111111111111111111111111111111111111111100000110000000000000000000000111111111111111111111110000000000000000000000010000001111111111111111111111111111111111111110000000000000000000010111111111111111111111111111
1111111111111111111111111100000000000000000000011111111111111111111111111111111111111100000000000000000000000000000111111111111111111111110000000000000000000000000000011111111111111111111111111111111111111110000000000000000000000111111111111111111111111111
1111111111111111111111111100000000000000000000011111111111111111111111111111111111110110000000000000000000000000000011111111111111111111110000000000000000000000000000011011111111111111111111111111111111111110000000000000000000001111111111111111111111111111
1111111111111111111111111000000000000000000000011111111111111111111111111111111111100111100000000000000000000000000011111111111111111111110000000000000000000000000001111001111111111111111111111111111111111110000000000000000000001111111111111111111111111111
1111111111111111111111111000000000000000000000011111111111111111111111111111111111000111100000000000000000000000000011111111111111111111110000000000000000000000000001111001111111111111111111111111111111111100000000000000000000001111111111111111111111111111
1111111111111111111111111000000000000000000000011111111111111111111111111111111111000111000000000000000000000000000011111111111111111111110000000000000000000000000000111000111111111111111111111111111111111110000000000000000000000011111111111111111111111111
1111111111111111111111100000000000000000000000011111111111111111111111111111111111000011000000000000000000000000000011111111111111111111110000000000000000000000000000110001111111111111111111111111111111111110000000000000000000000011111111111111111111111111
1111111111111111111111100000000000000000000000011111111111111111111111111111111111000000000000000000000000000000000011111111111111111111110000000000000000000000000000101001111111111111111111111111111111111100000000000000000000000001111111111111111111111111
1111111111111111111111100000000000000000000000011111111111111111111111111111111111100000000000000000000000000000000011111111111111111111110000000000000000000000000000000001111111111111111111111111111111111110000000000000000000000011111111111111111111111111
1111111111111111111111110000000000000000000000011111111111111111111111111111111111100000000000000000000000000000000011111111111111111111110000000000000000000000000000000001111111111111111111111111111111111110000000000000000000000011111111111111111111111111
1111111111111111111111110000000000000000000000011111111111111111111111111111111111100000000000000000000000000000000011111111111111111111100000000000000000000000000000000011111111111111111111111111111111111110000000000000000000000011111111111111111111111111
1111111111111111111111100000000000000000000000011111111111111111111111111111111111100000000000000000000000000000000011111111111111111111100000000000000000000000000000000011111111111111111111111111111111111110000000000000000000000011111111111111111111111111
1111111111111111111111100000000000000000000000011111111111111111111111111111111111100000000000000000000000000000000011111111111111111111100000000000000000000000000000000001111111111111111111111111111111111110000000000000000000000001111111111111111111111111
1111111111111111111111100000000000000000000000011111111111111111001111111111111111100000000000000000000000000000000011111111111111111111100000000000000000000000000000000001111111111111111101111111111111111110000000000000000000000001111111111111111111111111
1111111111111111111111100000000000000000000000011111111111111111001111111111111111100000000000000000000000000000000011111111111111111111100000000000000000000000000000000001111111111111111100111111111111111110000000000000000000000001111111111111111111111111
1111111111111111111111100000000000000000000000011111111111111110001111111111111111100000000000000000000000000000000011111111111111111111100000000000000000000000000000000001111111111111111100111111111111111100000000000000000000000001111111111111111111111111
1111111111111111111111000000000000000000000000001111111111111100001111111111111111100000000000000000000000000000000011111111111111111111100000000000000000000000000000000001111111111111111100011111111111111100000000000000000000000001111111111111111111111111
1111111111111111111111000000000000000000000000001111111111111100000111111111111110000000000000000000000000000000000011111111111111111111100000000000000000000000000000000000111111111111111000001111111111111000000000000000000000000001111111111111111111111111
1111111111111111111111000000000000000000000000000001111111111000000011111111111100000000000000000000000000000000000011111111111111111111100000000000000000000000000000000000011111111111110000000111111111100000000000000000000000000001111111111111111111111111
1111111111111111111111000000000000000000000000000000001111100000000000011111110000000000000000000000000000000000000011111111111111111111100000000000000000000000000000000000000111111100000000000001111100000000000000000000000000000001111111111111111111111111
1111111111111111111111000000000000000000000000000000000000000000000000000000000000000000000000000000000000000000000011111111111111111111100000000000000000000000000000000000000000000000000000000000000000000000000000000000000000000001111111111111111111111111
1111111111111111111111000000000000000000000000000000000000000000000000000000000000000000000000000000000000000000000011111111111111111111100000000000000000000000000000000000000000000000000000000000000000000000000000000000000000000001111111111111111111111111
1111111111111111111111000000000000000000000000000000000000000000000000000000000000000000000000000000000000000000000011111111111111111111100000000000000000000000000000000000000000000000000000000000000000000000000000000000000000000000111111111111111111111111
1111111111111111111111000000000000000000000000000000000000000000000000000000000000000000000000000000000000000000000011111111111111111111100000000000000000000000000000000000000000000000000000000000000000000000000000000000000000000000111111111111111111111111
1111111111111111111111100000000000000000000000000000000000000000000000000000000000000000000000000000000000000000000011111111111111111111110000000000000000000000000000000000000000000000000000000000000000000000000000000000000000000001111111111111111111111111
1111111111111111111111100000000000000000000000000000000000000000000000000000000000000000000000000000000000000000000011111111111111111111110000000000000000000000000000000000000000000000000000000000000000000000000000000000000000000001111111111111111111111111
1111111111111111111111100000000000000000000000000000000000000000000000000000000000000000000000000000000000000000000011111111111111111111110000000000000000000000000000000000000000000000000000000000000000000000000000000000000000000001111111111111111111111111
1111111111111111111111100000000000000000000000000000000000000000000000000000000000000000000000000000000000000000000011111111111111111111110000000000000000000000000000000000000000000000000000000000000000000000000000000000000000000001111111111111111111111111
1111111111111111111111100000000000000000000000000000000000000000000000000000000000000000000000000000000000000000000011111111111111111111110000000000000000000000000000000000000000000000000000000000000000000000000000000000000000000001111111111111111111111111
1111111111111111111111100000000000000000000000000000000000000000000000000000000000000000000000000000000000000000000011111111111111111111110000000000000000000000000000000000000000000000000000000000000000000000000000000000000000000001111111111111111111111111
1111111111111111111111100000000000000000000000000000000000000000000000000000000000000000000000000000000000000000000011111111111111111111110000000000000000000000000000000000000000000000000000000000000000000000000000000000000000000001111111111111111111111111
1111111111111111111111100000000000000000000000000000000000000000000000000000000000000000000000000000000000000000000111111111111111111111110000000000000000000000000000000000000000000000000000000000000000000000000000000000000000000001111111111111111111111111
1111111111111111111111100000000000000000000000000000000000000000000000000000000000000000000000000000000000000000000111111111111111111111110000000000000000000000000000000000000000000000000000000000000000000000000000000000000000000001111111111111111111111111
1111111111111111111111100000000000000000000000000000000000000000000000000000000000000000000000000000000000000000000111111111111111111111111000000000000000000000000000000000000000000000000000000000000000000000000000000000000000000011111111111111111111111111
1111111111111111111111100000000000000000000000000000000000000000000000000000000000000000000000000000000000000000000111111111111111111111111000000000000000000000000000000000000000000000000000000000000000000000000000000000000000000011111111111111111111111111
1111111111111111111111110000000000000000000000000000000000000000000000000000000000000000000000000000000000000000000111111111111111111111111000000000000000000000000000000000000000000000000000000000000000000000000000000000000000000011111111111111111111111111
1111111111111111111111110000000000000000000000000000000000000000000000000000000000000000000000000000000000000000000111111111111111111111111000000000000000000000000000000000000000000000000000000000000000000000000000000000000000000011111111111111111111111111
1111111111111111111111110000000000000000000000000000000000000000000000000000000000000000000000000000000000000000001111111111111111111111111000000000000000000000000000000000000000000000000000000000000000000000000000000000000000000111111111111111111111111111
1111111111111111111111110000000000000000000000000000000000000000000000000000000000000000000000000000000000000000001111111111111111111111111000000000000000000000000000000000000000000000000000000000000000000000000000000000000000000111111111111111111111111111
1111111111111111111111110000000000000000000000000000000000000000000000000000000000000000000000000000000000000000001111111111111111111111111100000000000000000000000000000000000000000000000000000000000000000000000000000000000000000111111111111111111111111111
1111111111111111111111111000000000000000000000000000000000000000000000000000000000000000000000000000000000000000001111111111111111111111111100000000000000000000000000000000000000000000000000000000000000000000000000000000000000000111111111111111111111111111
1111111111111111111111111000000000000000000000000000000000000000000000000000000000000000000000000000000000000000011111111111111111111111111100000000000000000000000000000000000000000000000000000000000000000000000000000000000000000111111111111111111111111111
1111111111111111111111111000000000000000000000000000000000000000000000000000000000000000000000000000000000000000011111111111111111111111111100000000000000000000000000000000000000000000000000000000000000000000000000000000000000000111111111111111111111111111
1111111111111111111111111000000000000000000000000000000000000000000000000000000000000000000000000000000000000000011111111111111111111111111110000000000000000000000000000000000000000000000000000000000000000000000000000000000000000111111111111111111111111111
1111111111111111111111111000000000000000000000000000000000000000000000000000000000000000000000000000000000000000011111111111111111111111111110000000000000000000000000000000000000000000000000000000000000000000000000000000000000000111111111111111111111111111
1111111111111111111111111000000000000000000000000000000000000000000000000000000000000000000000000000000000000000111111111111111111111111111110000000000000000000000000000000000000000000000000000000000000000000000000000000000000001111111111111111111111111111
1111111111111111111111111000000000000000000000000000000000000000000000000000000000000000000000000000000000000000111111111111111111111111111110000000000000000000000000000000000000000000000000000000000000000000000000000000000000001111111111111111111111111111
1111111111111111111111111100000000000000000000000000000000000000000000000000000000000000000000000000000000000000111111111111111111111111111111000000000000000000000000000000000000000000000000000000000000000000000000000000000000001111111111111111111111111111
1111111111111111111111111100000000000000000000000000000000000000000000000000000000000000000000000000000000000001111111111111111111111111111111000000000000000000000000000000000000000000000000000000000000000000000000000000000000001111111111111111111111111111
1111111111111111111111111100000000000000000000000000000000000000000000000000000000000000000000000000000000000001111111111111111111111111111111100000000000000000000000000000000000000000000000000000000000000000000000000000000000001111111111111111111111111111
1111111111111111111111111100000000000000000000000000000000000000000000000000000000000000000000000000000000000001111111111111111111111111111111100000000000000000000000000000000000000000000000000000000000000000000000000000000000011111111111111111111111111111
1111111111111111111111111100000000000000000000000000000000000000000000000000000000000000000000000000000000000011111111111111111111111111111111100000000000000000000000000000000000000000000000000000000000000000000000000000000000011111111111111111111111111111
1111111111111111111111111110000000000000000000000000000000000000000000000000000000000000000000000000000000000011111111111111111111111111111111110000000000000000000000000000000000000000000000000000000000000000000000000000000000011111111111111111111111111111
1111111111111111111111111110000000000000000000000000000000000000000000000000000000000000000000000000000000000011111111111111111111111111111111110000000000000000000000000000000000000000000000000000000000000000000000000000000000111111111111111111111111111111
1111111111111111111111111111000000000000000000000000000000000000000000000000000000000000000000000000000000000111111111111111111111111111111111110000000000000000000000000000000000000000000000000000000000000000000000000000000000111111111111111111111111111111
1111111111111111111111111111000000000000000000000000000000000000000000000000000000000000000000000000000000000111111111111111111111111111111111111000000000000000000000000000000000000000000000000000000000000000000000000000000000111111111111111111111111111111
1111111111111111111111111111000000000000000000000000000000000000000000000000000000000000000000000000000000001111111111111111111111111111111111111000000000000000000000000000000000000000000000000000000000000000000000000000000001111111111111111111111111111111
1111111111111111111111111111100000000000000000000000000000000000000000000000000000000000000000000000000000001111111111111111111111111111111111111000000000000000000000000000000000000000000000000000000000000000000000000000000001111111111111111111111111111111
1111111111111111111111111111100000000000000000000000000000000000000000000000000000000000000000000000000000001111111111111111111111111111111111111100000000000000000000000000000000000000000000000000000000000000000000000000000001111111111111111111111111111111
1111111111111111111111111111100000000000000000000000000000000000000000000000000000000000000000000000000000011111111111111111111111111111111111111100000000000000000000000000000000000000000000000000000000000000000000000000000011111111111111111111111111111111
1111111111111111111111111111110000000000000000000000000000000000000000000000000000000000000000000000000000011111111111111111111111111111111111111110000000000000000000000000000000000000000000000000000000000000000000000000000011111111111111111111111111111111
1111111111111111111111111111110000000000000000000000000000000000000000000000000000000000000000000000000000011111111111111111111111111111111111111110000000000000000000000000000000000000000000000000000000000000000000000000000011111111111111111111111111111111
1111111111111111111111111111110000000000000000000000000000000000000000000000000000000000000000000000000000111111111111111111111111111111111111111111000000000000000000000000000000000000000000000000000000000000000000000000000111111111111111111111111111111111
1111111111111111111111111111111000000000000000000000000000000000000000000000000000000000000000000000000000111111111111111111111111111111111111111111000000000000000000000000000000000000000000000000000000000000000000000000000111111111111111111111111111111111
1111111111111111111111111111111000000000000000000000000000000000000000000000000000000000000000000000000001111111111111111111111111111111111111111111000000000000000000000000000000000000000000000000000000000000000000000000000111111111111111111111111111111111
1111111111111111111111111111111000000000000000000000000000000000000000000000000000000000000000000000000001111111111111111111111111111111111111111111100000000000000000000000000000000000000000000000000000000000000000000000001111111111111111111111111111111111
1111111111111111111111111111111100000000000000000000000000000000000000000000000000000000000000000000000011111111111111111111111111111111111111111111100000000000000000000000000000000000000000000000000000000000000000000000001111111111111111111111111111111111
1111111111111111111111111111111100000000000000000000000000000000000000000000000000000000000000000000000011111111111111111111111111111111111111111111110000000000000000000000000000000000000000000000000000000000000000000000001111111111111111111111111111111111
1111111111111111111111111111111100000000000000000000000000000000000000000000000000000000000000000000000011111111111111111111111111111111111111111111110000000000000000000000000000000000000000000000000000000000000000000000011111111111111111111111111111111111
1111111111111111111111111111111110000000000000000000000000000000000000000000000000000000000000000000000111111111111111111111111111111111111111111111111000000000000000000000000000000000000000000000000000000000000000000000011111111111111111111111111111111111
1111111111111111111111111111111110000000000000000000000000000000000000000000000000000000000000000000000111111111111111111111111111111111111111111111111000000000000000000000000000000000000000000000000000000000000000000000011111111111111111111111111111111111
1111111111111111111111111111111110000000000000000000000000000000000000000000000000000000000000000000001111111111111111111111111111111111111111111111111000000000000000000000000000000000000000000000000000000000000000000000111111111111111111111111111111111111
1111111111111111111111111111111111000000000000000000000000000000000000000000000000000000000000000000001111111111111111111111111111111111111111111111111100000000000000000000000000000000000000000000000000000000000000000000111111111111111111111111111111111111
1111111111111111111111111111111111000000000000000000000000000000000000000000000000000000000000000000011111111111111111111111111111111111111111111111111100000000000000000000000000000000000000000000000000000000000000000000111111111111111111111111111111111111
1111111111111111111111111111111111000000000000000000000000000000000000000000000000000000000000000000011111111111111111111111111111111111111111111111111110000000000000000000000000000000000000000000000000000000000000000001111111111111111111111111111111111111
1111111111111111111111111111111111100000000000000000000000000000000000000000000000000000000000000000011111111111111111111111111111111111111111111111111110000000000000000000000000000000000000000000000000000000000000000001111111111111111111111111111111111111
1111111111111111111111111111111111100000000000000000000000000000000000000000000000000000000000000000111111111111111111111111111111111111111111111111111111000000000000000000000000000000000000000000000000000000000000000011111111111111111111111111111111111111
1111111111111111111111111111111111110000000000000000000000000000000000000000000000000000000000000000111111111111111111111111111111111111111111111111111111000000000000000000000000000000000000000000000000000000000000000011111111111111111111111111111111111111
1111111111111111111111111111111111110000000000000000000000000000000000000000000000000000000000000001111111111111111111111111111111111111111111111111111111100000000000000000000000000000000000000000000000000000000000000011111111111111111111111111111111111111
1111111111111111111111111111111111110000000000000000000000000000000000000000000000000000000000000011111111111111111111111111111111111111111111111111111111100000000000000000000000000000000000000000000000000000000000000111111111111111111111111111111111111111
1111111111111111111111111111111111111000000000000000000000000000000000000000000000000000000000000011111111111111111111111111111111111111111111111111111111110000000000000000000000000000000000000000000000000000000000000111111111111111111111111111111111111111
1111111111111111111111111111111111111000000000000000000000000000000000000000000000000000000000000111111111111111111111111111111111111111111111111111111111111000000000000000000000000000000000000000000000000000000000001111111111111111111111111111111111111111
1111111111111111111111111111111111111100000000000000000000000000000000000000000000000000000000001111111111111111111111111111111111111111111111111111111111111000000000000000000000000000000000000000000000000000000000001111111111111111111111111111111111111111
1111111111111111111111111111111111111110000000000000000000000000000000000000000000000000000000001111111111111111111111111111111111111111111111111111111111111100000000000000000000000000000000000000000000000000000000011111111111111111111111111111111111111111
1111111111111111111111111111111111111110000000000000000000000000000000000000000000000000000000011111111111111111111111111111111111111111111111111111111111111110000000000000000000000000000000000000000000000000000000111111111111111111111111111111111111111111
1111111111111111111111111111111111111111000000000000000000000000000000000000000000000000000000111111111111111111111111111111111111111111111111111111111111111111000000000000000000000000000000000000000000000000000000111111111111111111111111111111111111111111
1111111111111111111111111111111111111111000000000000000000000000000000000000000000000000000001111111111111111111111111111111111111111111111111111111111111111111100000000000000000000000000000000000000000000000000001111111111111111111111111111111111111111111
1111111111111111111111111111111111111111100000000000000000000000000000000000000000000000000011111111111111111111111111111111111111111111111111111111111111111111100000000000000000000000000000000000000000000000000011111111111111111111111111111111111111111111
1111111111111111111111111111111111111111110000000000000000000000000000000000000000000000000111111111111111111111111111111111111111111111111111111111111111111111110000000000000000000000000000000000000000000000000011111111111111111111111111111111111111111111
1111111111111111111111111111111111111111111000000000000000000000000000000000000000000000001111111111111111111111111111111111111111111111111111111111111111111111111000000000000000000000000000000000000000000000000111111111111111111111111111111111111111111111
1111111111111111111111111111111111111111111100000000000000000000000000000000000000000000011111111111111111111111111111111111111111111111111111111111111111111111111100000000000000000000000000000000000000000000001111111111111111111111111111111111111111111111
1111111111111111111111111111111111111111111110000000000000000000000000000000000000000000111111111111111111111111111111111111111111111111111111111111111111111111111110000000000000000000000000000000000000000000011111111111111111111111111111111111111111111111
1111111111111111111111111111111111111111111111000000000000000000000000000000000000000001111111111111111111111111111111111111111111111111111111111111111111111111111111100000000000000000000000000000000000000001111111111111111111111111111111111111111111111111
1111111111111111111111111111111111111111111111100000000000000000000000000000000000000011111111111111111111111111111111111111111111111111111111111111111111111111111111110000000000000000000000000000000000000011111111111111111111111111111111111111111111111111
1111111111111111111111111111111111111111111111111000000000000000000000000000000000001111111111111111111111111111111111111111111111111111111111111111111111111111111111111100000000000000000000000000000000000111111111111111111111111111111111111111111111111111
1111111111111111111111111111111111111111111111111100000000000000000000000000000000111111111111111111111111111111111111111111111111111111111111111111111111111111111111111111000000000000000000000000000000001111111111111111111111111111111111111111111111111111
1111111111111111111111111111111111111111111111111111000000000000000000000000001111111111111111111111111111111111111111111111111111111111111111111111111111111111111111111111111000000000000000000000000001111111111111111111111111111111111111111111111111111111
1111111111111111111111111111111111111111111111111111111111100000000000000111111111111111111111111111111111111111111111111111111111111111111111111111111111111111111111111111111111111000000000000000111111111111111111111111111111111111111111111111111111111111
1111111111111111111111111111111111111111111111111111111111111111111111111111111111111111111111111111111111111111111111111111111111111111111111111111111111111111111111111111111111111111111111111111111111111111111111111111111111111111111111111111111111111111
1111111111111111111111111111111111111111111111111111111111111111111111111111111111111111111111111111111111111111111111111111111111111111111111111111111111111111111111111111111111111111111111111111111111111111111111111111111111111111111111111111111111111111
1111111111111111111111111111111111111111111111111111111111111111111111111111111111111111111111111111111111111111111111111111111111111111111111111111111111111111111111111111111111111111111111111111111111111111111111111111111111111111111111111111111111111111
1111111111111111111111111111111111111111111111111111111111111111111111111111111111111111111111111111111111111111111111111111111111111111111111111111111111111111111111111111111111111111111111111111111111111111111111111111111111111111111111111111111111111111
1111111111111111111111111111111111111111111111111111111111111111111111111111111111111111111111111111111111111111111111111111111111111111111111111111111111111111111111111111111111111111111111111111111111111111111111111111111111111111111111111111111111111111
1111111111111111111111111111111111111111111111111111111111111111111111111111111111111111111111111111111111111111111111111111111111111111111111111111111111111111111111111111111111111111111111111111111111111111111111111111111111111111111111111111111111111111
1111111111111111111111111111111111111111111111111111111111111111111111111111111111111111111111111111111111111111111111111111111111111111111111111111111111111111111111111111111111111111111111111111111111111111111111111111111111111111111111111111111111111111
1111111111111111111111111111111111111111111111111111111111111111111111111111111111111111111111111111111111111111111111111111111111111111111111111111111111111111111111111111111111111111111111111111111111111111111111111111111111111111111111111111111111111111
1111111111111111111111111111111111111111111111111111111111111111111111111111111111111111111111111111111111111111111111111111111111111111111111111111111111111111111111111111111111111111111111111111111111111111111111111111111111111111111111111111111111111111
1111111111111111111111111111111111111111111111111111111111111111111111111111111111111111111111111111111111111111111111111111111111111111111111111111111111111111111111111111111111111111111111111111111111111111111111111111111111111111111111111111111111111111
1111111111111111111111111111111111111111111111111111111111111111111111111111111111111111111111111111111111111111111111111111111111111111111111111111111111111111111111111111111111111111111111111111111111111111111111111111111111111111111111111111111111111111
1111111111111111111111111111111111111111111111111111111111111111111111111111111111111111111111111111111111111111111111111111111111111111111111111111111111111111111111111111111111111111111111111111111111111111111111111111111111111111111111111111111111111111
1111111111111111111111111111111111111111111111111111111111111111111111111111111111111111111111111111111111111111111111111111111111111111111111111111111111111111111111111111111111111111111111111111111111111111111111111111111111111111111111111111111111111111
1111111111111111111111111111111111111111111111111111111111111111111111111111111111111111111111111111111111111111111111111111111111111111111111111111111111111111111111111111111111111111111111111111111111111111111111111111111111111111111111111111111111111111
1111111111111111111111111111111111111111111111111111111111111111111111111111111111111111111111111111111111111111111111111111111111111111111111111111111111111111111111111111111111111111111111111111111111111111111111111111111111111111111111111111111111111111
1111111111111111111111111111111111111111111111111111111111111111111111111111111111111111111111111111111111111111111111111111111111111111111111111111111111111111111111111111111111111111111111111111111111111111111111111111111111111111111111111111111111111111
1111111111111111111111111111111111111111111111111111111111111111111111111111111111111111111111111111111111111111111111111111111111111111111111111111111111111111111111111111111111111111111111111111111111111111111111111111111111111111111111111111111111111111
1111111111111111111111111111111111111111111111111111111111111111111111111111111111111111111111111111111111111111111111111111111111111111111111111111111111111111111111111111111111111111111111111111111111111111111111111111111111111111111111111111111111111111
1111111111111111111111111111111111111111111111111111111111111111111111111111111111111111111111111111111111111111111111111111111111111111111111111111111111111111111111111111111111111111111111111111111111111111111111111111111111111111111111111111111111111111
1111111111111111111111111111111111111111111111111111111111111111111111111111111111111111111111111111111111111111111111111111111111111111111111111111111111111111111111111111111111111111111111111111111111111111111111111111111111111111111111111111111111111111
1111111111111111111111111111111111111111111111111111111111111111111111111111111111111111111111111111111111111111111111111111111111111111111111111111111111111111111111111111111111111111111111111111111111111111111111111111111111111111111111111111111111111111
1111111111111111111111111111111111111111111111111111111111111111111111111111111111111111111111111111111111111111111111111111111111111111111111111111111111111111111111111111111111111111111111111111111111111111111111111111111111111111111111111111111111111111
1111111111111111111111111111111111111111111111111111111111111111111111111111111111111111111111111111111111111111111111111111111111111111111111111111111111111111111111111111111111111111111111111111111111111111111111111111111111111111111111111111111111111111
1111111111111111111111111111111111111111111111111111111111111111111111111111111111111111111111111111111111111111111111111111111111111111111111111111111111111111111111111111111111111111111111111111111111111111111111111111111111111111111111111111111111111111
1111111111111111111111111111111111111111111111111111111111111111111111111111111111111111111111111111111111111111111111111111111111111111111111111111111111111111111111111111111111111111111111111111111111111111111111111111111111111111111111111111111111111111
1111111111111111111111111111111111111111111111111111111111111111111111111111111111111111111111111111111111111111111111111111111111111111111111111111111111111111111111111111111111111111111111111111111111111111111111111111111111111111111111111111111111111111
1111111111111111111111111111111111111111111111111111111111111111111111111111111111111111111111111111111111111111111111111111111111111111111111111111111111111111111111111111111111111111111111111111111111111111111111111111111111111111111111111111111111111111
1111111111111111111111111111111111111111111111111111111111111111111111111111111111111111111111111111111111111111111111111111111111111111111111111111111111111111111111111111111111111111111111111111111111111111111111111111111111111111111111111111111111111111
1111111111111111111111111111111111111111111111111111111111111111111111111111111111111111111111111111111111111111111111111111111111111111111111111111111111111111111111111111111111111111111111111111111111111111111111111111111111111111111111111111111111111111
1111111111111111111111111111111111111111111111111111111111111111111111111111111111111111111111111111111111111111111111111111111111111111111111111111111111111111111111111111111111111111111111111111111111111111111111111111111111111111111111111111111111111111
1111111111111111111111111111111111111111111111111111111111111111111111111111111111111111111111111111111111111111111111111111111111111111111111111111111111111111111111111111111111111111111111111111111111111111111111111111111111111111111111111111111111111111
1111111111111111111111111111111111111111111111111111111111111111111111111111111111111111111111111111111111111111111111111111111111111111111111111111111111111111111111111111111111111111111111111111111111111111111111111111111111111111111111111111111111111111
1111111111111111111111111111111111111111111111111111111111111111111111111111111111111111111111111111111111111111111111111111111111111111111111111111111111111111111111111111111111111111111111111111111111111111111111111111111111111111111111111111111111111111
1111111111111111111111111111111111111111111111111111111111111111111111111111111111111111111111111111111111111111111111111111111111111111111111111111111111111111111111111111111111111111111111111111111111111111111111111111111111111111111111111111111111111111
1111111111111111111111111111111111111111111111111111111111111111111111111111111111111111111111111111111111111111111111111111111111111111111111111111111111111111111111111111111111111111111111111111111111111111111111111111111111111111111111111111111111111111
